abu-urban-2
lambda=100

Energy-map cluster centers:7 hidden nodes:9
AUC:0.9980664820852242
FPR:0.019549053531173238
lam:0.01
